# Format: <x1> <y1> <x2> <y2>
68 31 16 22
104 46 18 21
141 30 17 23
158 50 18 25
205 19 19 23
265 23 18 25
320 22 18 22
379 30 19 23
405 30 18 21
437 46 19 22
466 30 18 25
489 44 17 22
43 53 19 23
64 71 18 23
51 87 18 24
108 89 20 24
141 83 18 26
193 82 19 25
206 59 19 25
234 45 18 23
255 64 20 26
283 50 17 23
293 75 15 23
334 59 18 23
322 89 20 28
364 76 20 24
381 65 17 23
408 63 18 23
456 65 17 26
521 74 19 26
25 115 21 26
90 116 21 24
146 118 20 25
177 117 18 21
209 112 22 25
257 98 21 28
304 127 22 25
362 129 20 27
387 112 20 27
440 93 19 23
495 97 20 24
18 187 20 28
79 142 20 30
113 186 22 28
140 155 21 25
207 179 25 29
271 143 20 25
302 185 22 28
338 151 19 23
374 189 21 28
391 146 18 26
449 127 20 25
513 116 20 26
472 149 21 27
451 181 22 28
551 149 20 23
531 193 23 28